1.9564,0.13772,0.36078,0.46098,0.70964,1.0361,0.24866,0.32642,0.57508,0.16703,1.6328,1.4657,0.37639,0.41457,2.5953,0.14667,0.58,0.06,0.10589,0.57335,0.17365,0.011976,0.001497,0.4048,0.55706,0.011606,-1.7312,0.8441,0.28019,-0.59461,0.21795,2.9924,0.13922,0.66916,0.75844,1.0597,1.4069,0.30123,0.34722,0.64844,0.41344,2.9148,2.5014,0.52519,1.1201,4.6715,0.12472,0.36,0.06,0.06552,0.49551,0.10629,0.020958,0.010479,0.43478,0.57357,0.0098302,-2.1084,1.4422,-0.0788,-0.35219,0.10651,0.57804,0.87126,0.35928,0.047873,0.19601,0.25978,0.14814,0.063767,0.2119,0.0094909,0.48956,0.48007,0.12863,0.42024,2.4178,0.16538,0.46,0.06,0.093338,0.55838,0.16766,0.035928,0.002994,0.3928,0.57057,0.00048385,-2.5071,2.7849,-1.7669,0.58303,-0.076643,0.55903,0.63922,0.9476,0.077778,0.1059,0.15208,0.028125,0.046181,0.074306,0.048611,0.42565,0.37704,0.082115,2.208,9.71,0.35588,1.55,0.06,0.45402,0.17066,0.031437,0.008982,0.005988,0.45277,0.5,0.00035397,-1.4274,0.24024,0.20715,0.12081,-0.12524,0.79524,0.13473,0.046407,-0.065329,-0.012674,0.043744,0.052655,0.056418,0.10907,-0.2281,0.29206,0.52016,0.10555,0.64945,4.3819,0.44133,1.96,0.07,0.46194,0.93413,0.21108,0.022455,0.001497,0.56972,0.50751,0.00059428,-2.0957,1.8985,-0.54922,-0.34259,0.30152,1.2749,0.13623,0.047904,-0.085177,-0.014201,0.065678,0.070976,0.079879,0.15086,-0.42748,0.50097,0.92845,0.15246,0.64225,5.9104,0.73778,3.3,0.06,1.0149,0.98054,0.32485,0.032934,0.007485,0.55472,0.52402,0.00019212,-3.1555,4.6611,-3.9168,1.8644,-0.38425,0.24521,0.86826,0.46856,-0.022109,-0.0020172,0.0082026,0.020092,0.01022,0.030312,-0.076445,0.11571,0.19215,0.037728,0.96423,4.7268,0.17405,0.47,0.06,0.11226,0.86228,0.16916,0.046407,0.005988,0.57571,0.51051,2.7917e-05,-2.8482,3.9652,-3.1991,1.4842,-0.29176,0.16264,0.63174,0.64521,-0.0067535,-6.9446e-05,0.0058333,0.006684,0.0059028,0.012587,-0.041061,0.045458,0.086519,0.015437,0.23256,9.8108,1.19,3.23,0.06,1.1712,0.98802,0.37425,0.013473,0.005988,0.55922,0.50601,2.344e-06,-2.5012,2.295,-0.61783,-0.27782,0.16119,0.37966,0.061012,0.43006,0.077154,0.093075,0.11752,0.015921,0.024442,0.040363,0.045947,0.35065,0.3047,0.050461,2.8218,14.021,0.21034,0.64,0.06,0.14917,0.1622,0.029762,0.013393,0.0044643,0.5082,0.56119,0.00013313,-2.1242,1.6057,-0.27928,-0.30745,0.11784,0.75468,0.21577,0.96577,0.1339,0.19251,0.30583,0.058615,0.11331,0.17193,0.059125,0.67236,0.61324,0.13775,1.2139,4.2195,0.14953,0.42,0.06,0.085343,0.3869,0.12202,0.017857,0.0059524,0.49925,0.54925,0.00043826,-2.1821,1.5703,-0.12236,-0.38875,0.13282,2.4949,0.044643,0.96577,0.17129,0.31073,0.55678,0.13944,0.24605,0.3855,0.076341,1.7542,1.6778,0.33821,2.4717,12.346,0.28286,1.23,0.06,0.25885,0.13839,0.028274,0.0089286,0.0044643,0.4158,0.59104,0.0018312,-2.4981,2.4098,-0.93736,-0.08102,0.1222,4.4486,0.37798,0.96429,0.24964,0.44409,0.66713,0.19445,0.22304,0.41749,0.10614,2.7773,2.6711,0.468,3.7508,24.71,0.586,2.1,0.07,0.62644,0.056548,0.011905,0.0044643,0.0029762,0.41729,0.59403,0.003948,-2.5015,2.4634,-1.0385,-0.0027259,0.096916,3.8227,0.37798,0.80655,0.3241,0.53976,0.84291,0.21566,0.30315,0.5188,0.15729,1.9609,1.8037,0.43977,2.3791,13.978,0.29,0.74,0.06,0.21365,0.12351,0.0074405,0.0044643,0.0029762,0.47243,0.59701,0.004693,-2.3462,2.042,-0.59009,-0.22599,0.13522,4.2485,0.37649,0.80655,0.3434,0.62293,1.0331,0.27953,0.41015,0.68968,0.1542,3.7852,3.631,0.74077,2.1249,8.1309,0.1925,0.64,0.06,0.14893,0.19792,0.0625,0.022321,0.0074405,0.46945,0.62836,0.010668,-2.5575,2.6526,-1.3077,0.20145,0.031141,7.7829,0.37798,0.69792,0.39665,0.65803,1.2634,0.26138,0.60537,0.86674,0.17753,5.0671,4.8895,0.98566,2.7473,13.601,0.32053,0.81,0.06,0.23772,0.10417,0.019345,0.0044643,0.0029762,0.42921,0.63731,0.01881,-2.5896,2.7811,-1.4881,0.31009,0.01017,6.0608,0.37798,0.9628,0.4344,0.7448,1.3434,0.3104,0.59859,0.90899,0.19092,4.5407,4.3498,0.88516,2.2086,9.5249,0.21069,0.76,0.06,0.16911,0.18601,0.032738,0.0089286,0.0044643,0.45455,0.60448,0.016531,-2.4543,2.3696,-0.97101,-0.031327,0.1069,8.1401,0.044643,0.96131,0.5185,0.81297,1.2803,0.29447,0.46731,0.76178,0.22084,6.1127,5.8919,1.0252,3.7105,21.634,0.408,1.54,0.06,0.44693,0.077381,0.019345,0.0089286,0.0074405,0.46498,0.60746,0.022839,-2.4493,2.4001,-1.045,0.02595,0.090001,6.09,0.044643,0.63988,0.56406,0.84593,1.2526,0.28186,0.40669,0.68856,0.31443,5.122,4.8075,0.86491,2.7317,12.485,0.27864,0.77,0.06,0.25524,0.12798,0.037202,0.011905,0.0029762,0.45604,0.5806,0.01634,-2.3394,1.9996,-0.51746,-0.28319,0.15804,5.4559,0.044643,0.5253,0.61502,0.9134,1.3155,0.29838,0.40209,0.70048,0.35514,3.7767,3.4216,0.75689,2.2147,9.3889,0.29143,0.74,0.06,0.23953,0.14435,0.032738,0.0059524,0.0029762,0.47392,0.55821,0.015214,-2.2038,1.6756,-0.24994,-0.34855,0.1411,4.2137,0.044643,0.125,0.68275,0.95327,1.4066,0.27052,0.45337,0.72388,0.37316,3.7529,3.3798,0.69099,1.9162,7.6549,0.18324,0.71,0.06,0.15134,0.25298,0.056548,0.017857,0.0059524,0.46945,0.56119,0.013098,-2.1971,1.6201,-0.1582,-0.40008,0.14796,4.2448,0.043155,0.12351,0.74246,1.0304,1.395,0.28791,0.36465,0.65256,0.41728,3.3339,2.9167,0.62013,1.7535,7.2476,0.1975,0.7,0.06,0.15279,0.23214,0.041667,0.0044643,0.0029762,0.47839,0.5791,0.014263,-2.1551,1.5954,-0.21703,-0.33736,0.12644,4.8895,0.13988,0.66369,0.68273,1.0456,1.5577,0.36292,0.51202,0.87494,0.37856,4.3031,3.9245,0.78487,1.8146,7.0991,0.17528,0.59,0.06,0.12296,0.25446,0.053571,0.014881,0.0029762,0.49031,0.58955,0.018252,-2.2212,1.7194,-0.2944,-0.31389,0.12414,4.9904,0.13988,0.6622,0.68818,1.0688,1.6025,0.38059,0.53369,0.91428,0.34988,4.1506,3.8008,0.86082,1.6376,5.7415,0.16122,0.6,0.06,0.11583,0.28125,0.078869,0.013393,0.0044643,0.47988,0.59851,0.020275,-2.2126,1.6806,-0.23815,-0.34766,0.13178,4.4555,0.25744,0.66369,0.69061,1.1541,1.7051,0.46352,0.55096,1.0145,0.36216,4.2448,3.8826,0.85407,1.3796,4.8038,0.13771,0.43,0.06,0.083522,0.36607,0.1131,0.022321,0.0089286,0.47243,0.63881,0.019916,-2.1699,1.6134,-0.21808,-0.3686,0.15652,4.185,0.13839,0.66518,0.72815,1.1799,1.8041,0.45175,0.62422,1.076,0.36266,3.8544,3.4917,0.79538,1.1326,3.9857,0.14064,0.42,0.06,0.07667,0.43452,0.12798,0.02381,0.0044643,0.47839,0.59403,0.018636,-2.1542,1.5933,-0.21174,-0.37747,0.1623,4.8998,0.13839,0.36161,0.77112,1.2481,1.8848,0.47698,0.6367,1.1137,0.36164,3.5716,3.21,0.7479,1.03,4.4407,0.16122,0.43,0.07,0.086029,0.375,0.044643,0.0044643,0.0029762,0.44858,0.58209,0.018965,-2.1136,1.4915,-0.13373,-0.37586,0.14359,5.3393,0.13839,0.66369,0.79376,1.2894,1.8872,0.49566,0.59775,1.0934,0.44093,3.5422,3.1013,0.77818,1.1639,5.161,0.15372,0.53,0.06,0.10426,0.30952,0.029762,0.0029762,0.0029762,0.46051,0.58358,0.022329,-2.1459,1.6008,-0.24732,-0.32973,0.13476,6.1261,0.13839,0.03125,0.86549,1.2786,1.8644,0.41312,0.58574,0.99886,0.43458,4.7458,4.3112,0.83574,1.8485,8.7564,0.15738,0.52,0.06,0.11414,0.24554,0.025298,0.0089286,0.0029762,0.46945,0.5791,0.026548,-2.2013,1.7346,-0.33254,-0.33023,0.14333,5.3792,0.13839,0.66518,0.93825,1.3367,1.8659,0.39849,0.5292,0.92769,0.40908,4.2843,3.8753,0.82558,1.4594,5.7419,0.14064,0.51,0.06,0.096258,0.32887,0.063988,0.010417,0.0029762,0.47541,0.57612,0.023682,-2.204,1.7266,-0.35201,-0.27762,0.11941,5.236,0.6369,0.66518,0.91708,1.3991,1.9857,0.48203,0.58661,1.0686,0.42827,4.4882,4.06,0.8901,1.3685,5.1635,0.1437,0.5,0.06,0.098937,0.38393,0.090774,0.016369,0.0044643,0.46945,0.58806,0.025223,-2.1757,1.6508,-0.30549,-0.27227,0.11528,5.0356,0.98214,0.66369,0.87789,1.4257,2.1149,0.54777,0.68928,1.2371,0.45841,4.3827,3.9243,0.93797,1.137,3.8822,0.12808,0.34,0.06,0.068079,0.42411,0.12351,0.025298,0.0014881,0.45902,0.6,0.030036,-2.1845,1.7229,-0.41227,-0.23513,0.12289,5.3359,0.98214,0.66369,0.97539,1.3729,2.1103,0.39755,0.73739,1.1349,0.47113,4.4091,3.9379,0.8818,1.1965,4.4525,0.1417,0.44,0.06,0.076862,0.40327,0.090774,0.016369,0.0029762,0.44262,0.57463,0.02786,-2.1793,1.7238,-0.41658,-0.24338,0.12826,5.7238,0.58482,0.66518,1.0425,1.498,1.957,0.45553,0.45905,0.91458,0.50614,4.303,3.7969,0.7727,1.4478,6.8399,0.15136,0.45,0.06,0.091716,0.3378,0.035714,0.0044643,0.0029762,0.43368,0.5403,0.024632,-2.1397,1.608,-0.26537,-0.34672,0.1555,4.738,0.58482,0.66667,1.0599,1.5041,2.0546,0.44429,0.5505,0.9948,0.45515,4.061,3.6059,0.77045,1.0877,4.9928,0.1322,0.3,0.06,0.053077,0.47321,0.074405,0.013393,0.0059524,0.43666,0.56269,0.02336,-2.1008,1.4379,-0.073627,-0.37414,0.12167,17.296,0.58631,0.99851,0.027913,0.72494,2.4264,0.69702,1.7015,2.3985,0.0012159,12.688,12.687,2.8732,2.2121,8.2923,0.21714,0.74,0.06,0.15512,0.15327,0.044643,0.010417,0.0029762,0.39195,0.59104,0.95843,-1.7685,1.1644,-0.03492,-0.53386,0.27669,1.4974,0.97917,0.6622,0.0055945,0.022168,0.072553,0.016573,0.050385,0.066959,0.00054622,1.084,1.0835,0.21295,3.8602,20.15,0.43933,2.24,0.06,0.56208,0.072917,0.029762,0.010417,0.0089286,0.46647,0.58358,0.0097941,-1.2621,0.27744,0.54784,-0.62584,0.21787,2531.3,0.63988,0.27381,187.5,218.75,281.25,31.25,62.5,93.75,90.729,1486.8,1396,259.9,4.5807,30.307,0.60091,2.26,0.06,0.72813,0.056548,0.011905,0.0044643,0.0029762,0.32489,0.3791,8250.2,-1.5231,0.56489,0.49368,-0.87281,0.38915,2552.1,0.63393,0.27381,229.17,291.67,458.33,62.5,166.67,229.17,153.23,1863.9,1710.6,365.75,3.022,14.548,0.44,1.66,0.08,0.48915,0.12351,0.034226,0.010417,0.0089286,0.37407,0.41642,12391,-1.6011,0.64973,0.37563,-0.61918,0.23272,2583.3,0.63244,0.27381,299.48,437.5,656.25,138.02,218.75,356.77,218.75,2597.1,2378.3,482.97,2.0011,6.9162,0.28696,1.5,0.06,0.34103,0.21131,0.084821,0.011905,0.011905,0.39642,0.42537,26866,-1.4472,0.45619,0.32644,-0.42177,0.12024,2739.6,0.63839,0.27381,406.25,562.5,1083.3,156.25,520.83,677.08,236.56,2750.3,2513.8,608.11,1.4175,4.2232,0.18081,0.94,0.06,0.16806,0.32738,0.14137,0.041667,0.013393,0.42325,0.45075,42114,-1.4614,0.46241,0.31779,-0.40684,0.11972,2.6623,0.1369,0.35863,0.19125,0.45341,0.7629,0.26216,0.30949,0.57165,0.044952,2.2872,2.2423,0.53254,1.5243,5.0097,0.14043,0.52,0.06,0.096931,0.28571,0.099702,0.032738,0.0044643,0.45156,0.54179,0.045082,-1.5174,0.53714,0.5161,-0.71911,0.24686,2316.4,0.63988,0.27381,284.83,375.08,555.3,90.243,180.22,270.47,207.35,1726.8,1519.4,330.89,2.5303,11.421,0.33,1.24,0.07,0.32266,0.16071,0.032738,0.010417,0.0089286,0.47392,0.49104,9902.5,-1.6134,0.70187,0.21942,-0.42139,0.13916,3.9792,0.0089286,0.10119,2.7618,3.2809,4.1473,0.51905,0.86645,1.3855,1.944,5.6096,3.6656,0.94799,0.53324,2.3995,0.15349,0.58,0.06,0.10383,0.72619,0.33036,0.1131,0.03869,0.47988,0.52388,0.14638,-1.3257,0.30596,0.19762,-0.1608,-0.010116,1.2313e+06,0.88839,0.10119,23639,54683,1.9613e+05,31044,1.4145e+05,1.7249e+05,2969.9,8.1594e+05,8.1297e+05,2.0867e+05,1.892,6.253,0.34737,1.03,0.06,0.29922,0.17708,0.053571,0.0074405,0.0029762,0.50969,0.51493,5.3248e+09,-1.3961,0.42746,0.32886,-0.50471,0.21322,23.4,0.10119,0.63988,2.04,3.6674,6.4179,1.6274,2.7505,4.3779,-1.5838,16.457,18.04,3.755,1.1818,4.8113,0.17263,0.59,0.06,0.12875,0.52381,0.10268,0.017857,0.0044643,0.50969,0.51642,1.0897,-1.6824,0.7571,0.4243,-0.73168,0.26292,1158.9,0.10119,0.88839,11.167,31.687,77.795,20.519,46.108,66.627,1.8732,585.45,583.58,119.98,3.891,23.808,0.66333,1.31,0.07,0.41772,0.056548,0.010417,0.0029762,0.0014881,0.49925,0.53433,1523,-1.5288,0.49486,0.64212,-0.84787,0.32412,3.9029,0.63988,0.86607,-0.69827,-0.36705,-0.013725,0.33122,0.35332,0.68454,-2.7042,0.0023362,2.7065,0.61056,-1.848,7.2021,0.18969,0.56,0.06,0.11485,0.99554,0.96131,0.83036,0.48661,0.58867,0.4194,0.038866,-1.8464,1.2908,-0.14299,-0.469,0.24775,1.4143,0.63988,0.27381,0.30211,0.38708,0.52188,0.084973,0.1348,0.21978,0.22246,1.22,0.99753,0.22385,1.8069,6.6758,0.18857,0.64,0.06,0.15591,0.32738,0.095238,0.011905,0.0089286,0.47839,0.49701,0.0052639,-1.5635,0.62487,0.21898,-0.3482,0.083968,7.5706,0.86607,0.99702,0.030532,0.73673,1.497,0.7062,0.76023,1.4664,0.0010668,5.9721,5.971,1.3566,1.8592,6.7947,0.17853,0.56,0.06,0.11634,0.18155,0.056548,0.016369,0.0044643,0.39642,0.59851,0.2413,-1.6853,0.95016,0.17452,-0.62887,0.28181,58.885,0.11756,0.63988,19.519,28.407,34.922,8.8872,6.5156,15.403,-0.9121,46.543,47.455,10.839,-0.61968,2.9846,0.17861,0.51,0.06,0.11504,0.97173,0.75446,0.3006,0.029762,0.49776,0.49701,6.0324,-1.6965,0.72585,0.34461,-0.57512,0.20892,71.679,0.88244,0.078869,-13.586,-4.1967,4.5394,9.3897,8.7361,18.126,-41.899,20.632,62.53,13.643,-0.5345,3.0881,0.1659,0.58,0.06,0.13208,0.93601,0.7128,0.20536,0.025298,0.49776,0.49403,7.6771,-1.7604,0.8092,0.48365,-0.79944,0.31831,92.468,0.0029762,0.42857,-2.6827,7.5314,15.845,10.214,8.314,18.528,-31.987,30.165,62.152,14.003,-0.73819,3.7228,0.25346,0.95,0.06,0.25121,0.97321,0.77976,0.14137,0.0044643,0.50373,0.5,11.516,-1.5575,0.51519,0.48486,-0.60627,0.22205,78.097,0.037202,0.53125,-29.331,-19.829,-8.6575,9.5024,11.171,20.674,-53.047,10.665,63.712,14.696,-0.16273,2.6039,0.20273,0.8,0.06,0.18714,0.89286,0.49256,0.080357,0.0089286,0.52906,0.51642,16.154,-1.56,0.4978,0.46376,-0.52506,0.14819,79.592,0.8869,0.096726,-18.181,-7.2,3.6109,10.981,10.811,21.792,-39.526,25.751,65.277,14.761,0.0030219,2.5666,0.25846,0.73,0.07,0.17565,0.87946,0.43601,0.056548,0.010417,0.54247,0.5,14.279,-1.5702,0.50532,0.61791,-0.79537,0.30344,70.189,0.27232,0.65179,-38.829,-30.509,-22.023,8.3204,8.4854,16.806,-60.893,-0.054208,60.838,13.009,0.00090047,2.9017,0.21033,0.66,0.06,0.17138,0.88988,0.45089,0.074405,0.011905,0.50224,0.49254,16.527,-1.5155,0.49205,0.38374,-0.4705,0.12173,86.712,0.64137,0.10119,-9.2802,-0.47401,10.309,8.8062,10.783,19.589,-30.291,35.741,66.032,14.058,0.13274,3.0292,0.29364,0.95,0.06,0.27046,0.91071,0.41964,0.03869,0.0089286,0.51416,0.49254,17.724,-1.4298,0.4075,0.5048,-0.62868,0.23189,87.915,0.94494,0.25298,-24.484,-14.956,-6.8085,9.5279,8.1473,17.675,-56.627,12.818,69.445,14.305,-0.55645,3.554,0.3215,0.94,0.06,0.29277,0.95238,0.67113,0.077381,0.0074405,0.50969,0.48955,18.122,-1.4167,0.29709,0.55229,-0.5533,0.15021,72.179,0.4122,0.38244,-18.477,-7.2792,1.1345,11.198,8.4137,19.612,-38.803,20.875,59.677,13.181,-0.15795,2.6115,0.28739,1.02,0.06,0.26079,0.89583,0.53571,0.068452,0.013393,0.50224,0.48806,18.635,-1.4546,0.43908,0.49865,-0.66552,0.25168,70.227,0.28571,0.11012,-29.566,-21.72,-14.844,7.8467,6.8759,14.723,-49.022,4.0113,53.033,11.087,-0.15917,3.2381,0.33947,0.97,0.06,0.29992,0.94494,0.58333,0.058036,0.011905,0.49925,0.49403,15.802,-1.4712,0.43028,0.51813,-0.65078,0.19152,78.521,0.092262,0.22619,-28.382,-17.379,-5.1557,11.003,12.224,23.227,-48.27,13.733,62.003,15.033,0.10785,2.3202,0.21967,0.62,0.07,0.15145,0.9003,0.46131,0.099702,0.0089286,0.51267,0.5,17.268,-1.4765,0.39458,0.56383,-0.6899,0.23676,66.168,0.081845,0.68601,-7.9898,-0.16321,7.819,7.8266,7.9822,15.809,-25.003,32.577,57.581,12.482,0.35783,3.0825,0.19533,0.62,0.06,0.15673,0.85714,0.35417,0.065476,0.017857,0.51416,0.51045,13.484,-1.4647,0.485,0.49004,-0.71641,0.29067,68.737,0.58929,0.55357,-14.367,-2.1749,7.4858,12.193,9.6607,21.853,-32.609,24.315,56.923,14.127,-0.18457,2.2699,0.19562,0.67,0.06,0.13134,0.79613,0.44494,0.047619,0.0044643,0.49329,0.50299,12.095,-1.5656,0.56013,0.51428,-0.73721,0.29119,64.397,0.74851,0.93155,-5.9832,0.15038,9.4493,6.1336,9.299,15.433,-20.558,34.781,55.339,12.229,0.5734,3.1168,0.17889,0.75,0.06,0.13167,0.76935,0.24405,0.047619,0.0059524,0.49925,0.49851,9.2101,-1.51,0.46482,0.56315,-0.79021,0.34305,0.18599,0.058036,0.063988,-0.0057046,0.00013915,0.0058846,0.0058437,0.0057454,0.011589,-0.063915,0.05249,0.1164,0.016644,-0.072631,11.815,0.35875,0.88,0.06,0.32762,0.98363,0.4628,0.016369,0.0029762,0.56483,0.49552,3.4744e-06,-3.0182,4.3654,-3.6091,1.7059,-0.35232,0.30114,0.21131,0.049107,-0.016058,-1.2564e-05,0.014966,0.016045,0.014979,0.031024,-0.079668,0.10565,0.18532,0.03517,0.40446,5.6401,0.46077,1.32,0.06,0.34502,0.95982,0.29167,0.022321,0.0029762,0.55589,0.49701,9.1365e-06,-3.2273,4.8654,-4.1903,2.0623,-0.45468,1.0585,0.041667,0.047619,-0.035339,-0.0063528,0.016362,0.028986,0.022715,0.051701,-0.23544,0.33494,0.57037,0.091085,1.1011,12.814,0.64,2.15,0.07,0.77867,0.98958,0.19643,0.014881,0.0059524,0.57675,0.51791,4.7065e-05,-3.3656,5.2948,-4.7598,2.44,-0.56354,1.7149,0.375,0.38095,-0.043902,-0.0091724,0.018216,0.03473,0.027389,0.062119,-0.38206,0.4361,0.81816,0.13154,1.3778,18.445,0.636,2.15,0.08,0.77693,0.98363,0.083333,0.0089286,0.0029762,0.59314,0.5209,0.00012367,-3.2675,5.0218,-4.4112,2.2122,-0.49737,1.6003,0.37351,0.38095,-0.050456,-0.0035328,0.033737,0.046924,0.037269,0.084193,-0.32341,0.36339,0.6868,0.12639,0.52588,12.816,1.31,2.53,0.09,1.22,0.99256,0.26339,0.0059524,0.0029762,0.6006,0.48806,0.00015305,-3.0982,4.5268,-3.7615,1.7711,-0.35819,1.9539,0.041667,0.047619,-0.077985,-0.0057474,0.051563,0.072237,0.057311,0.12955,-0.60735,0.77092,1.3783,0.22573,0.46436,7.3276,0.43429,2.73,0.06,0.66942,0.97173,0.45238,0.037202,0.010417,0.62146,0.48507,0.00034826,-3.2425,4.9642,-4.3496,2.1782,-0.48143,3.3642,0.375,0.38095,-0.10784,-0.0096131,0.050633,0.09823,0.060246,0.15848,-0.94136,1.007,1.9483,0.30173,0.409,10.721,0.43667,2.04,0.06,0.722,0.98512,0.27976,0.016369,0.0029762,0.62444,0.52388,0.00076566,-3.1458,4.6826,-3.9715,1.9103,-0.39373,2.6288,0.37351,0.38095,-0.098349,-0.010206,0.082117,0.088143,0.092322,0.18047,-0.627,0.96018,1.5872,0.254,0.48681,10.117,0.73,2.15,0.08,0.723,0.99107,0.49851,0.022321,0.0059524,0.59613,0.50597,0.00068486,-3.069,4.4506,-3.6733,1.7154,-0.34275,3.8635,0.041667,0.047619,-0.084829,-0.0055322,0.084861,0.079297,0.090393,0.16969,-0.99676,1.2666,2.2633,0.29074,0.93725,19.582,0.57,2.35,0.06,0.81564,0.9881,0.28571,0.013393,0.0059524,0.59613,0.50149,0.00095108,-3.0604,4.4476,-3.6867,1.7362,-0.35385,2.7864,0.041667,0.047619,-0.08043,-0.012629,0.079402,0.0678,0.092031,0.15983,-0.74045,0.91407,1.6545,0.23961,0.50255,12.179,0.57,2.42,0.06,0.8406,0.9881,0.42411,0.017857,0.0059524,0.56632,0.52239,0.0005589,-3.0582,4.3653,-3.4979,1.5528,-0.27978,2.4181,0.041667,0.047619,-0.072987,-0.0053416,0.072261,0.067645,0.077603,0.14525,-0.57559,0.62401,1.1996,0.20453,-0.0020559,10.76,0.672,1.59,0.08,0.52431,0.99107,0.57887,0.013393,0.0029762,0.57526,0.51642,0.00046048,-3.0206,4.2578,-3.3777,1.4968,-0.2776,1.9001,0.040179,0.047619,-0.09005,-0.0063848,0.071138,0.083666,0.077523,0.16119,-0.54929,0.6127,1.162,0.19338,0.13323,7.7802,0.42,1.59,0.06,0.47686,0.9881,0.58333,0.026786,0.0029762,0.54098,0.5209,0.00028757,-3.175,4.6863,-3.8951,1.8083,-0.35612,1.91,0.040179,0.047619,-0.092288,-0.0017896,0.072904,0.090499,0.074694,0.16519,-0.48544,0.57237,1.0578,0.18501,0.17732,7.8228,0.42,1.64,0.06,0.50982,0.99107,0.55357,0.016369,0.0029762,0.59463,0.50896,0.00028038,-3.2041,4.8525,-4.2157,2.0979,-0.4652,2.0544,0.13542,0.14286,-0.10126,-0.0024953,0.093974,0.098764,0.09647,0.19523,-0.68591,0.71163,1.3975,0.22909,0.26143,7.4733,0.51125,1.56,0.06,0.57185,0.97024,0.29762,0.017857,0.0059524,0.59165,0.52836,0.00050886,-3.0781,4.4587,-3.6727,1.7184,-0.34635,1.8973,0.13542,0.14286,-0.099983,-0.0031851,0.095848,0.096798,0.099033,0.19583,-0.68688,0.72013,1.407,0.2426,0.21067,5.6724,0.28222,0.95,0.06,0.29643,0.94048,0.26488,0.02381,0.0059524,0.59463,0.52537,0.00066176,-2.98,4.1404,-3.2198,1.3894,-0.2424,1.4799,0.13542,0.27232,-0.12054,-0.0063504,0.097761,0.11419,0.10411,0.2183,-0.5233,0.65994,1.1832,0.22169,0.40615,4.3559,0.31667,1.57,0.06,0.3775,0.95089,0.41369,0.052083,0.016369,0.62146,0.51194,0.00053286,-3.0692,4.4367,-3.6688,1.7236,-0.35088,1.604,0.13393,0.71577,-0.10868,-0.0084958,0.094867,0.10018,0.10336,0.20355,-0.514,0.55992,1.0739,0.208,0.25438,4.6751,0.415,1.24,0.07,0.33403,0.94048,0.25595,0.019345,0.0029762,0.58569,0.51791,0.00057792,-2.9429,4.0506,-3.1292,1.3254,-0.21985,1.9921,0.13542,0.14137,-0.11893,-0.01646,0.095416,0.10247,0.11188,0.21435,-0.47477,0.55327,1.028,0.2053,0.51729,6.1257,1.33,4.63,0.08,1.6791,0.98065,0.27679,0.0074405,0.0029762,0.57079,0.53134,0.00065734,-2.796,3.6153,-2.5475,0.92093,-0.088438,2.328,0.13542,0.14137,-0.11953,-0.015958,0.097217,0.10358,0.11317,0.21675,-0.53432,0.56454,1.0989,0.22442,0.44158,6.7566,1.8733,4.62,0.08,1.9722,0.9881,0.29613,0.0044643,0.0029762,0.57079,0.49254,0.00065825,-2.9702,4.1774,-3.3405,1.507,-0.28431,2.6592,0.13393,0.14137,-0.10802,-0.010554,0.10175,0.097461,0.1123,0.20976,-0.68814,0.81081,1.499,0.25811,0.42254,8.1734,0.57429,2.13,0.06,0.69545,0.98065,0.29762,0.011905,0.0029762,0.5693,0.51194,0.00080441,-3.0121,4.3139,-3.5098,1.6177,-0.31831,2.061,0.13393,0.14137,-0.12252,-0.010709,0.10507,0.11181,0.11578,0.22759,-0.67503,0.80097,1.476,0.24577,0.5089,6.365,0.41688,1.07,0.06,0.30683,0.95536,0.2619,0.02381,0.0059524,0.56632,0.52239,0.0007006,-3.0142,4.3002,-3.4906,1.6045,-0.31188,1.864,0.37202,0.64435,-0.11984,-0.0098238,0.11011,0.11002,0.11994,0.22996,-0.62808,0.83633,1.4644,0.24925,0.58593,5.6697,0.37056,1.02,0.06,0.30564,0.94792,0.2619,0.028274,0.0089286,0.57973,0.50597,0.00081162,-2.9381,4.0612,-3.1853,1.4039,-0.25282,2.4143,0.97917,0.98512,-0.15518,-0.015784,0.11026,0.13939,0.12604,0.26544,-0.61725,0.77084,1.3881,0.26365,0.4645,5.595,0.74111,1.43,0.07,0.50424,0.98512,0.43006,0.03125,0.0029762,0.59762,0.51343,0.00096191,-2.9576,4.1492,-3.3335,1.5207,-0.29386,2.5401,0.97917,0.98512,-0.13583,-0.010918,0.099064,0.12491,0.10998,0.2349,-0.5443,0.69021,1.2345,0.24892,0.3407,6.8143,1.334,2.25,0.07,0.76602,0.99107,0.41815,0.014881,0.0029762,0.57526,0.51194,0.00069727,-3.1037,4.5971,-3.9475,1.9603,-0.43877,2.0967,0.58185,0.98363,-0.11784,-0.01827,0.087975,0.099572,0.10625,0.20582,-0.57409,0.69277,1.2669,0.228,0.44038,6.7356,0.83375,2.52,0.07,0.74733,0.98214,0.35714,0.020833,0.0059524,0.53204,0.5,0.00066454,-3.0061,4.2914,-3.4964,1.6068,-0.31087,2.0133,0.37202,0.5878,-0.12501,-0.021781,0.086406,0.10323,0.10819,0.21141,-0.57193,0.75848,1.3304,0.23116,0.57226,5.9005,0.60636,2.17,0.06,0.68376,0.96726,0.25893,0.020833,0.0044643,0.54844,0.52537,0.00071509,-2.8555,3.7688,-2.7212,1.0319,-0.12236,8.5549,0.58333,0.58929,-0.27664,-0.007528,0.04586,0.26911,0.053388,0.3225,-2.9955,3.3668,6.3624,1.0222,0.65061,7.1117,0.31,1.54,0.06,0.38756,0.95536,0.15923,0.03125,0.0029762,0.63785,0.45821,0.065247,-2.0699,2.0648,-0.85122,-0.092366,0.23783,0.89812,0.97768,0.98214,-0.0072563,-0.00022531,0.0057079,0.007031,0.0059332,0.012964,-0.24342,0.25338,0.49679,0.071773,0.18003,16.537,1.33,3.06,0.06,1.2409,0.98661,0.47024,0.014881,0.0029762,0.64083,0.49104,0.00065186,-1.595,1.0463,0.20037,-0.63342,0.37201,1240.6,0.63095,0.64286,-9.375,0,8.3333,9.375,8.3333,17.708,-249.13,257.49,506.61,73.263,0.065365,27.306,2.17,4.26,0.08,2.09,0.99554,0.33631,0.0044643,0.0014881,0.47243,0.46567,557.97,-1.764,1.3579,-0.14814,-0.52224,0.37834,1245.8,0.63095,0.64286,-19.792,0,20.833,19.792,20.833,40.625,-326.07,302.25,628.32,96.92,0.036396,14.751,2.0067,4.26,0.08,1.722,0.98661,0.28274,0.0089286,0.0029762,0.49478,0.46269,817.52,-1.8293,1.4033,-0.15081,-0.46652,0.31718,1239.6,0.63095,0.64286,-37.5,-1.5625,32.292,35.937,33.854,69.792,-370.93,365.48,736.41,120.73,0.24259,10.075,1.0067,1.85,0.07,0.70509,0.97619,0.27976,0.016369,0.0044643,0.51267,0.47164,1060.3,-1.9,1.5114,-0.16566,-0.53101,0.35789,1286.5,0.88542,0.64286,-49.219,-3.125,42.969,46.094,46.094,92.188,-502.99,488.57,991.56,153.92,0.073242,7.0186,0.50692,1.33,0.06,0.45077,0.95685,0.3125,0.03125,0.0059524,0.52161,0.49254,1673,-1.903,1.5223,-0.20857,-0.48358,0.34433,1.191,0.13393,0.29315,-0.090174,-0.0063548,0.051528,0.083819,0.057883,0.1417,-0.44815,0.54334,0.99149,0.1832,0.71059,4.8287,0.22862,0.8,0.06,0.19028,0.90774,0.17708,0.050595,0.0074405,0.58718,0.50149,0.0028305,-1.8062,1.3813,-0.034962,-0.59824,0.38963,1103.1,0.63095,0.64286,-26.799,-1.9528,22.791,24.846,24.744,49.589,-247.56,261.8,509.37,83.621,0.077574,13.86,2.17,4.26,0.08,2.09,0.99107,0.45089,0.0089286,0.0014881,0.53949,0.49851,405.4,-2.0487,1.8468,-0.56402,-0.28459,0.28509,1.6585,0.88542,0.86458,-0.12036,-0.0049391,0.11149,0.11542,0.11643,0.23185,-0.55923,0.63707,1.1963,0.22424,0.085274,4.2781,0.42643,1.13,0.06,0.34646,0.95536,0.43006,0.03869,0.0044643,0.52012,0.50448,0.003308,-1.9377,1.5595,-0.21841,-0.45344,0.30513,5.565e+05,0.88542,0.8631,-13020,-346.55,9711,12673,10058,22731,-1.5291e+05,1.7566e+05,3.2857e+05,53773,0.46291,9.4747,0.604,1.41,0.07,0.43249,0.95387,0.09375,0.0074405,0.0014881,0.56632,0.50746,2.4322e+08,-1.8578,1.4808,-0.22565,-0.44536,0.32445,8.6777,0.8631,0.88542,-0.42217,0.00399,0.48896,0.42616,0.48497,0.91113,-2.9822,2.5346,5.5168,1.0154,-0.54416,6.4521,0.35611,1.07,0.06,0.2897,0.9881,0.81696,0.061012,0.0059524,0.53502,0.51045,0.06621,-1.9907,1.7277,-0.39415,-0.37717,0.29566,494.19,0.38244,0.10417,-5.9284,0.04222,6.4294,5.9707,6.3872,12.358,-131.4,120.91,252.3,35.575,-1.4801,21.75,0.7275,1.31,0.07,0.3869,0.99405,0.97173,0.041667,0.0089286,0.57377,0.51194,96.068,-1.859,1.4031,-0.010532,-0.63554,0.38592,1.8756,0.86905,0.8631,-0.020068,0.0012172,0.076101,0.021286,0.074883,0.096169,-0.75114,0.5782,1.3293,0.21574,-0.81933,7.0132,0.47,1.56,0.06,0.43828,0.9747,0.83482,0.047619,0.0029762,0.39791,0.53134,0.002563,-2.1525,2.2523,-1.0716,0.054751,0.18712,0.61674,0.63095,0.64286,-0.022585,-0.0016466,0.020961,0.020939,0.022607,0.043546,-0.176,0.18169,0.35769,0.057253,0.076678,8.8021,0.85429,1.84,0.06,0.71749,0.98065,0.37798,0.017857,0.0014881,0.5231,0.50149,0.00019613,-2.0249,1.8001,-0.51947,-0.28158,0.27126,3.7658,0.8631,0.86905,-0.17539,-0.003671,0.047377,0.17171,0.051048,0.22276,-1.2556,1.6069,2.8625,0.4814,0.80478,6.574,0.28905,1.53,0.06,0.33959,0.94643,0.16071,0.035714,0.0044643,0.61848,0.46866,0.015822,-1.9902,1.8544,-0.59104,-0.25516,0.2854,17.534,0.64435,0.62946,-1.2928,0.019659,1.2745,1.3124,1.2548,2.5672,-5.9234,6.3489,12.272,2.368,0.1783,4.2683,0.38706,0.93,0.07,0.27392,0.93304,0.29464,0.020833,0.0029762,0.46945,0.5,0.31008,-2.0803,1.8172,-0.4903,-0.34483,0.27488,20.387,0.2872,0.38839,-1.8517,0.063235,1.636,1.915,1.5727,3.4877,-7.7299,8.018,15.748,3.1217,0.080487,3.6177,0.2228,0.65,0.06,0.16491,0.92411,0.41518,0.043155,0.0044643,0.49925,0.5209,0.50095,-2.0823,1.7754,-0.35849,-0.46446,0.31761,21.723,0.43601,0.059524,-1.6838,0.0049245,1.7496,1.6887,1.7446,3.4333,-8.5437,7.2091,15.753,3.0653,-0.03729,4.0893,0.24286,0.59,0.06,0.1459,0.9003,0.27232,0.011905,0.0044643,0.48435,0.50448,0.60992,-1.9484,1.4609,-0.046349,-0.63234,0.35437,24.028,0.21577,0.28869,-2.1801,0.18196,2.4291,2.3621,2.2471,4.6092,-10.132,8.0641,18.196,3.5842,-0.38233,3.5769,0.30211,1.16,0.06,0.27999,0.97024,0.66815,0.087798,0.010417,0.48286,0.48507,0.8879,-1.8948,1.3728,0.0061219,-0.59118,0.32534,25.476,0.4375,0.70536,-2.2776,0.23846,2.3054,2.516,2.067,4.583,-9.401,7.7804,17.181,3.5697,-0.243,3.5586,0.33667,1.12,0.06,0.2714,0.97917,0.68155,0.06994,0.0074405,0.49925,0.48507,0.8848,-1.9158,1.442,-0.039459,-0.63735,0.37311,25.808,0.9256,0.18601,-2.0571,-0.041876,2.0589,2.0152,2.1008,4.116,-8.1063,8.3627,16.469,3.3107,0.044007,3.8505,0.624,3.09,0.06,0.89891,0.9747,0.47173,0.026786,0.0044643,0.49776,0.49701,0.83377,-1.8615,1.3894,-0.036526,-0.58614,0.35666,21.057,0.59226,0.64435,-2.0056,0.069399,2.1491,2.075,2.0797,4.1548,-8.8738,8.0327,16.907,3.4417,-0.087944,3.3526,0.22889,0.6,0.07,0.15581,0.9375,0.52679,0.063988,0.0089286,0.50522,0.49104,1.2938,-1.7149,1.1348,0.1297,-0.61674,0.32578,22.086,0.43452,0.0625,-1.86,-0.05421,2.0965,1.8058,2.1507,3.9565,-8.0721,8.0001,16.072,3.3439,0.0050388,3.6271,0.35611,1,0.06,0.31495,0.9375,0.46131,0.046131,0.0074405,0.47988,0.50149,1.028,-1.7689,1.1411,0.20821,-0.68792,0.3355,23.153,0.40923,0.54911,-2.2266,-0.0099725,2.2089,2.2166,2.2189,4.4355,-8.8062,8.4898,17.296,3.5152,0.095243,3.4277,0.28043,0.93,0.06,0.24848,0.9256,0.37798,0.032738,0.0044643,0.52757,0.49403,1.2829,-1.7404,1.2216,0.029134,-0.56855,0.33872,19.895,0.05506,0.64435,-1.9725,0.046187,2.081,2.0187,2.0349,4.0535,-8.1171,6.4236,14.541,3.1514,-0.19046,3.0298,0.2584,0.78,0.06,0.22272,0.94196,0.52679,0.066964,0.0029762,0.52161,0.50448,0.99172,-1.7448,1.2066,0.12017,-0.66487,0.37349,20.291,0.25744,0.22321,-1.9147,0.11951,2.0314,2.0342,1.9119,3.9461,-9.0584,7.3346,16.393,3.4008,-0.33515,3.5585,0.17973,0.5,0.06,0.11815,0.97917,0.79018,0.18452,0.047619,0.50522,0.49403,1.0871,-1.7931,1.2483,0.048486,-0.57906,0.30499,19.283,0.56548,0.54911,-1.9894,-0.086347,2.0974,1.9031,2.1838,4.0868,-7.5408,7.3282,14.869,3.0278,-0.043138,3.2654,0.33667,1.11,0.06,0.29233,0.94494,0.48065,0.049107,0.0029762,0.48584,0.4791,0.96043,-1.7663,1.2509,0.028498,-0.60641,0.33054,21.492,0.19643,0.19196,-1.8191,0.069298,2.0825,1.8884,2.0132,3.9016,-8.4956,7.0583,15.554,3.1836,-0.25032,3.5324,0.3125,0.95,0.06,0.23482,0.9494,0.53423,0.035714,0.0044643,0.50373,0.5,0.81482,-1.8741,1.3994,-0.049083,-0.60532,0.35272,17.866,0.64435,0.19196,-1.6878,0.0082317,1.6997,1.6961,1.6915,3.3876,-6.054,7.0471,13.101,2.6917,0.17864,3.4416,0.304,0.92,0.06,0.24227,0.95387,0.5,0.052083,0.0089286,0.50373,0.50597,0.61682,-1.818,1.2655,0.082199,-0.71949,0.40928,231.57,0.99077,231.57,233.83,132.76,0.060606,0.97245,-0.14328,257.5,825.75,4.8258e-05,-0.16075,258.55,825.52,0.47991,207.72,221.34,251.73,13.621,30.388,44.009,183.93,313.43,129.51,32.422,0.83363,2.884,0.58127,0.26446,0.10193,0.035813,0.40055,0.50139,337.06,-1.0345,0.013429,0.011351,0.007119,0.0060007,0.6884,0.98717,0.6884,0.69651,0.50222,0.65315,0.27177,4.1889e-05,0.67447,0.011169,-2.0919e-07,0.000181,0.65907,0.011122,0.50263,0.59644,0.72373,0.78205,0.12729,0.058321,0.18561,0.45378,0.82794,0.37416,0.10599,-0.55494,2.1517,0.98949,0.8003,0.53003,0.26577,0.4797,0.43825,0.0015831,-1.2989,0.28708,0.010458,0.045781,-0.042206,0.036943,0.64576,0.036943,0.058195,0.35071,0.015244,0.45122,-7.7078e-05,0.049545,0.0019687,-6.5747e-09,-7.4928e-05,0.049428,0.0019687,0.44145,0.012456,0.021277,0.039976,0.0088213,0.018699,0.027521,0.0051935,0.22367,0.21848,0.044966,3.2163,16.162,0.082317,0.021341,0.0060976,0.0030488,0.44648,0.5184,0.00116,-0.9126,0.21615,-0.035285,-0.035047,-0.060723,0.029051,0.63109,0.029051,0.042882,0.18319,0.49371,0.12264,-5.3775e-05,0.037574,0.00097056,-2.4937e-07,2.5276e-05,0.033411,0.00096703,0.44938,0.0090428,0.017457,0.036149,0.0084142,0.018692,0.027107,0.0027488,0.15721,0.15446,0.031543,2.2363,8.551,0.16981,0.053459,0.015723,0.0062893,0.42587,0.51582,0.00052272,-0.96418,0.20997,-0.016442,-0.013836,-0.070485,0.19567,0.66416,0.19567,0.26637,0.83737,0.014451,0.45665,-0.00027438,0.243,0.031916,-1.0029e-06,7.163e-05,0.22316,0.031836,0.45812,0.066851,0.12185,0.26722,0.054996,0.14537,0.20037,0.013286,0.7492,0.73592,0.18074,1.4469,4.3713,0.30925,0.13006,0.037572,0.0086705,0.44058,0.50872,0.018831,-0.92584,0.17923,0.077934,-0.12869,-0.08993,-38.322,0.59996,14.155,65.977,126.67,0.73123,0,0.025582,-46.828,2860.1,-8.0542e-06,0.030938,-47.421,2860.1,0.4622,-100,-22.994,14.583,77.006,37.577,114.58,-100,25.347,125.35,53.706,-0.13982,1.1606,0.6036,0.54354,0.48198,0.26426,0.38496,0.33133,181.99,-1.5507,0.5042,0.33891,-0.3639,0.12178,0.0022771,0.30989,0.018049,0.027176,0.30146,0.024922,0.084112,-4.8964e-05,0.010111,0.00071276,6.3507e-07,-0.00025219,0.020916,0.00068898,-0.076747,-0.0031866,-0.00098797,0.0041875,0.0021986,0.0051754,0.007374,-0.068858,0.1227,0.19156,0.02708,3.9291,30.381,0.83801,0.028037,0.0093458,0.0062305,0.53438,0.47962,5.3236e-05,-1.8193,1.3692,-0.6308,0.26788,-0.098581,2.1913e-05,0.22617,0.00011397,0.00026333,0.0046608,0.035982,0,-1.8789e-07,8.4479e-05,6.7556e-08,1.2439e-09,-1.0163e-06,0.00017629,6.5855e-08,0.022669,-2.1321e-05,-1.5125e-07,2.4195e-05,2.1169e-05,2.4346e-05,4.5515e-05,-0.00056309,0.0013093,0.0018724,0.00026242,1.5134,38.768,0.9985,0.98351,0.022489,0.0074963,0.44595,0.49624,2.8614e-08,-0.80755,-0.070415,0.22445,0.079273,-0.047128,-1.9282e-05,0.15976,1.5717e-05,0.00015036,0.002342,0.0034965,0.013986,2.7575e-07,-5.8576e-05,2.1719e-08,-3.522e-09,1.2795e-06,-0.00010609,2.1258e-08,0.15742,-1.1294e-05,-1.468e-06,2.2619e-06,9.8265e-06,3.7298e-06,1.3556e-05,-0.00046629,0.00013034,0.00059663,0.00014912,-10.157,121.52,0.9965,0.99301,0.98601,0.0034965,0.55439,0.45423,9.4184e-09,-0.96773,0.32787,0.24962,-0.21266,0.041816,-9.0666e-06,0.23091,1.6632e-05,6.3709e-05,0.00090667,0.065217,0.01087,1.0084e-07,-2.2932e-05,3.912e-09,-1.0901e-09,4.0062e-07,-3.6622e-05,3.8737e-09,0.24238,-8.1038e-06,-1.3023e-06,1.8803e-06,6.8015e-06,3.1827e-06,9.9841e-06,-0.00020841,0.00013746,0.00034587,6.306e-05,-6.3339,65.42,0.99275,0.99275,0.82971,0.014493,0.54909,0.47445,1.4867e-09,-1.0319,0.40049,0.33137,-0.34488,0.09296,-7.3732e-05,0.24712,8.7449e-05,0.0003841,0.0060639,0.026316,0.013158,8.0348e-07,-0.00019546,1.3713e-07,-7.1256e-09,2.9626e-06,-0.00030413,1.3472e-07,0.22229,-7.7025e-05,-1.9861e-05,4.7282e-06,5.7164e-05,2.4589e-05,8.1753e-05,-0.0010892,0.00050758,0.0015968,0.00037696,-5.7719,65.736,0.99671,0.99013,0.026316,0.0098684,0.55116,0.45695,7.4854e-08,-0.90592,0.54743,-0.36042,0.37479,-0.19102,0.0042695,0.22181,0.036329,0.11531,2.0047,0.0020704,0.014493,-5.5737e-05,0.017702,0.013218,5.2012e-07,-0.00030644,0.0378,0.013136,-0.02648,-0.0091629,0.0012527,0.010455,0.010416,0.009202,0.019618,-0.18013,0.45113,0.63125,0.11523,2.2851,47.005,0.99172,0.018634,0.0062112,0.0020704,0.41286,0.49688,0.0020292,-1.3322,0.90139,-0.30228,0.013709,0.23982,0.5426,0.16286,0.45,0.04,0.10784,0.74932,0.85862,0.83889,0.17,0.11082,1.5891,0.81228,1.2852,0.53589,1.7152,0.46103,14.368,7.7193,10.76,7.4163,-4.1451e-05,0.76318,0.14219,-1.7688e-06,0.0011419,0.63144,0.13869,0.49617,1.1384,0.90327,1.2537,0.20323,0.12597,2.2982,0.76803,1.9185,0.78016,1.6853,0.46253,15.512,7.8046,13.24,9.5271,-0.00023995,1.2186,0.27366,-1.852e-06,0.00099906,1.0807,0.26982,0.48748,0.17754,0.64482,0.21931,0.20967,0.14647,0.45457,0.7864,0.39968,0.22214,2.2512,0.41282,5.2848,2.6549,3.3079,2.037,5.1499e-05,0.16031,0.016479,-4.0725e-07,0.00032395,0.12998,0.016293,0.51545,0.13092,0.86463,0.15448,0.35647,0.22296,0.47431,0.84845,0.23353,0.1026,1.7837,0.14783,1.2646,0.91476,1.2579,0.98094,-6.2247e-05,0.15175,0.0065778,-1.9183e-07,6.6089e-05,0.13746,0.0065366,0.47271,0.10557,0.92339,0.11703,0.23259,0.12878,0.30693,0.80842,0.19277,0.087205,1.8261,0.10953,1.3537,1.3712,1.2222,0.74882,-7.8516e-06,0.1082,0.0025494,-7.5335e-08,4.2547e-05,0.10258,0.0025431,0.4951,0.23627,0.85397,0.27353,0.20188,0.12361,0.66022,0.87484,0.40712,0.17085,1.7231,0.45225,3.3221,2.423,3.1521,2.0338,-2.5291e-05,0.24473,0.018969,-2.2672e-07,0.00012639,0.22785,0.018911,0.49328,0.41362,0.76736,0.53445,0.289,0.18553,2.0183,0.80897,1.047,0.63334,2.5312,0.12852,7.6956,2.7623,6.6448,6.2343,-0.00019715,0.47957,0.1131,-3.6933e-07,4.9927e-05,0.45206,0.11295,0.47264,0.54346,0.78582,0.71747,0.32056,0.21993,3.8405,0.86332,1.4779,0.93448,2.7195,0.078124,10.484,4.6243,9.306,10.044,-0.00032771,0.65308,0.2154,-6.3151e-07,9.4764e-05,0.60605,0.21495,0.46559,0.63996,0.82329,0.77669,0.25087,0.16274,3.2778,0.85745,1.4258,0.78581,2.2279,0.16498,10.645,4.646,10.708,9.5898,-0.00029408,0.73832,0.19046,-8.1866e-07,0.00025361,0.67735,0.18971,0.4736,0.84125,0.73779,1.1214,0.24083,0.1582,3.5133,0.82696,2.297,1.4558,2.7305,0.2014,20.251,11.39,19.111,16.944,-0.00042568,0.98364,0.54297,-2.0792e-06,0.00096531,0.82877,0.53813,0.471,0.99826,0.70886,1.4036,0.2513,0.16149,6.4547,0.82935,3.0025,2.0043,3.0078,0.085414,25.505,13.992,25.196,23.739,-0.00074495,1.2475,0.95276,-1.8462e-06,0.00049012,1.1099,0.94894,0.45759,1.0361,0.75192,1.3632,0.2384,0.15551,5.1484,0.84946,2.646,1.6099,2.5538,0.27909,21.926,12.079,21.792,19.952,-0.00058662,1.2323,0.77192,-1.1706e-06,0.00019649,1.1452,0.77039,0.46764,1.0874,0.76838,1.4953,0.28333,0.17194,7.0453,0.86551,2.888,1.8005,2.6557,0.15901,20.137,18.2,21.661,21.384,-0.00072882,1.3312,1.0335,-1.9941e-07,-0.00059542,1.3164,1.0335,0.46183,1.0912,0.81174,1.3931,0.28636,0.17238,5.3535,0.87905,2.5523,1.461,2.3389,0.10139,16.685,13.66,18.703,16.951,-0.000623,1.2996,0.73538,-8.168e-07,-7.6555e-05,1.2388,0.73463,0.46738,1.1172,0.84395,1.35,0.252,0.16033,4.7978,0.87938,2.2383,1.1211,2.0035,0.25712,16.92,9.6967,17.287,15.175,-0.00058812,1.3139,0.56149,-6.0302e-07,-0.00018469,1.269,0.56108,0.46986,1.1449,0.86477,1.3376,0.20323,0.12326,3.5864,0.85111,2.0444,0.89947,1.7856,0.28442,16.978,9.4077,17.905,15.693,-0.00052709,1.3212,0.46807,-5.8004e-07,-0.00013904,1.278,0.46769,0.47355,1.167,0.88912,1.3218,0.21759,0.12499,3.3753,0.79516,2.1496,0.98268,1.8421,0.22724,17.264,13.312,15.865,8.7315,-0.00038546,1.2959,0.37977,-3.9421e-07,-0.00012173,1.2665,0.3796,0.48081,1.2543,0.85316,1.48,0.21033,0.11792,4.0016,0.8184,2.4441,1.1898,1.9486,0.27807,19.996,15.257,18.957,11.801,-0.00039174,1.3853,0.6114,-1.6386e-06,0.00070449,1.2633,0.6084,0.48182,1.3156,0.83735,1.5727,0.225,0.133,4.0895,0.81947,2.7739,1.4582,2.1084,0.52203,22.736,15.051,21.877,14.477,-0.00045097,1.4665,0.73499,-2.4881e-06,0.0012135,1.2812,0.72806,0.48012,1.353,0.83572,1.6005,0.22536,0.1316,3.4966,0.78477,2.7635,1.4106,2.0426,0.59934,22.235,13.508,20.657,11.527,-0.00034223,1.4674,0.72681,-2.1842e-06,0.001119,1.3047,0.72147,0.48513,1.3688,0.85139,1.5834,0.22536,0.12604,3.119,0.74529,2.6179,1.2491,1.9125,0.39461,19.34,11.091,19.608,10.957,-0.00017536,1.4275,0.63228,-2.6894e-06,0.0016238,1.2272,0.62418,0.4921,1.3937,0.8664,1.5819,0.225,0.13458,3.936,0.8033,2.5458,1.1521,1.8266,0.35546,19.472,10.431,18.103,10.089,-3.218e-05,1.4045,0.55985,-2.8766e-06,0.0018922,1.1902,0.55058,0.49796,1.4376,0.86815,1.6349,0.2131,0.13278,4.4241,0.8286,2.7197,1.2821,1.8919,0.44256,22.527,8.7865,19.481,9.4025,9.3923e-05,1.4062,0.60598,-3.1574e-06,0.0022062,1.171,0.59482,0.5029,1.4787,0.8717,1.6987,0.23731,0.1464,4.9682,0.81098,2.9995,1.5208,2.0285,0.22145,24.368,14.405,22.236,16.39,0.00011145,1.4414,0.69881,-3.6936e-06,0.0025824,1.1663,0.68354,0.50346,1.5223,0.87591,1.7318,0.21,0.12826,4.4024,0.81841,2.8026,1.2803,1.841,0.244,23.19,15.756,22.18,16.556,0.00013184,1.4782,0.681,-3.6573e-06,0.0025786,1.2058,0.66603,0.50409,1.5813,0.86442,1.8148,0.20323,0.11581,4.1418,0.79102,2.8093,1.2279,1.7765,0.29262,22.324,14.656,21.916,13.789,1.7412e-05,1.5755,0.79277,-3.2764e-06,0.0022094,1.3315,0.78075,0.49987,1.632,0.85531,1.8826,0.21724,0.12964,3.6168,0.71824,3.0605,1.4285,1.8753,0.31458,26.862,16.855,22.945,16.484,7.2316e-05,1.6078,0.88064,-3.3094e-06,0.0022863,1.3613,0.86838,0.50173,1.6278,0.87162,1.8515,0.21033,0.12724,4.1647,0.78051,2.9008,1.273,1.7821,0.34768,24.961,14.182,19.975,12.365,0.00020797,1.5582,0.7766,-3.4425e-06,0.002511,1.3018,0.76333,0.50639,1.6032,0.89738,1.7797,0.22536,0.1404,4.3469,0.75944,2.8036,1.2004,1.7488,0.1984,23.227,13.31,18.491,15.862,0.00010197,1.5691,0.59667,-3.2737e-06,0.002292,1.3252,0.58467,0.5028,1.6074,0.89125,1.7825,0.22464,0.13789,3.3376,0.70444,2.8771,1.2697,1.7899,0.36321,23.767,12.892,19.013,13.49,-0.00012137,1.648,0.59302,-2.6549e-06,0.0016548,1.4502,0.58513,0.49504,1.9474,0.15856,3.4729,0.20607,0.14261,14.956,0.86472,8.8203,6.8729,4.5293,0.23565,137.59,88.059,92.702,98.772,-0.00029949,2.0476,8.2652,-1.0432e-05,0.0066792,1.2706,8.1434,0.49067,0.097601,0.21132,0.23448,0.42,0.31937,1.3104,0.87513,0.7102,0.61259,7.2765,0.082982,8.9316,9.5256,6.9285,6.936,-6.1727e-05,0.11825,0.045311,-3.6906e-07,0.00018517,0.090761,0.045159,0.46394,297.65,0.83987,395.33,0.657,0.38349,2156.3,0.85185,1153.4,855.76,3.875,0.69136,8114.1,11889,12830,12560,-0.086833,326.7,67407,-0.0011727,0.69772,239.35,65868,0.48297,431.02,0.81162,565.61,0.38647,0.26137,2145.8,0.84082,1116.9,685.88,2.5913,0.12653,11553,15381,10316,11340,-0.21758,503.8,1.3237e+05,-0.0015054,0.78953,391.67,1.2984e+05,0.47107,609.69,0.79963,778.24,0.35556,0.26079,2156.3,0.83468,1337.7,728.03,2.1941,0.26613,15329,17614,8810.9,7336.7,-0.44862,759.75,2.2641e+05,-0.00093905,0.1796,689.81,2.2543e+05,0.45817,830.77,0.79792,1030,0.26304,0.1776,2270.8,0.8289,1613.3,782.51,1.9419,0.29278,17337,12137,18021,15801,-0.46412,986.02,3.6272e+05,0.0011606,-1.2405,1072.5,3.6122e+05,0.46806,0.58979,0.65676,0.79465,0.15279,0.096608,2.2403,0.8415,1.4269,0.83708,2.4193,0.30855,22.047,14.924,16.659,11.221,-1.6844e-05,0.59543,0.28361,-2.351e-06,0.001556,0.42032,0.27742,0.49766,489.6,0.85783,591.2,0.29818,0.20254,1827.8,0.78906,1016.5,526.88,2.0761,0.14875,10635,10951,7315.4,6016.2,-0.24908,572.92,1.0749e+05,-0.00074454,0.24902,517.46,1.0687e+05,0.47085,3.4583,0.96385,3.5858,0.14622,0.09392,2.7448,0.6898,4.2944,0.83616,1.2418,0.61756,27.927,14.679,22.843,13.466,-0.00094341,3.7738,0.86502,2.5876e-07,-0.0011165,3.7931,0.86495,0.48402,1.5668e+05,0.41393,2.6116e+05,0.25154,0.16473,1.0507e+06,0.85334,4.9317e+05,3.3649e+05,3.1477,0.40088,6.273e+06,5.4026e+06,7.3228e+06,6.8326e+06,-70.636,1.803e+05,4.3472e+10,0.71244,-547.26,2.3337e+05,4.2903e+10,0.47408,4.544,0.674,5.8968,0.16946,0.11479,18.073,0.77234,9.7394,5.1954,2.1433,0.562,144.91,101.84,112.74,81.542,0.0034891,3.3769,13.669,7.4678e-06,-0.0015068,3.9331,13.607,0.54213,73.637,0.40648,140.89,0.31778,0.21385,1025.2,0.88466,359.77,286.14,4.8858,0.2558,3256.2,2909.6,3199.1,2759.1,0.03335,62.481,14385,0.00020118,-0.10124,77.466,14339,0.52454,-0.50256,0.23313,0.79102,0.22036,0.12814,0.63815,0.16351,-0.11318,0.38938,0.22521,0.76507,20.68,17.097,28.834,18.561,-0.00020924,-0.43256,0.37151,1.5679e-06,-0.0012581,-0.31579,0.36876,0.5225,0.45538,0.90966,0.50757,0.25231,0.17768,1.0864,0.76818,0.76783,0.31245,1.6861,0.26175,7.6931,6.2566,5.0558,4.4987,-0.00022531,0.53075,0.04836,-7.461e-07,0.00027383,0.47518,0.047737,0.47163,1.0827,0.21958,1.7363,0.18438,0.12549,6.1849,0.81699,3.9979,2.9151,3.6924,0.18305,60.318,35.06,47.203,43.514,0.00029641,0.9836,1.839,-3.6772e-06,0.0027565,0.70971,1.8239,0.51454,26.547,0.88007,28.679,0.21167,0.13367,27.942,0.47451,35.072,8.5247,1.3211,0.68245,267.16,138.98,246.74,155.79,0.0061386,24.494,116.35,-3.8617e-06,0.008722,24.206,116.33,0.51216,-5.3879,0.64923,14.684,0.18441,0.11585,49.339,0.68834,6.2664,11.654,-1.163,0.73927,351.5,185.96,335.04,199.35,0.020576,-12.271,170.74,4.0484e-05,-0.0065075,-9.2553,168.91,0.28603,5.364,0.6821,14.999,0.19758,0.11598,43.686,0.47244,16.839,11.475,3.1393,0.68895,323.47,181.32,299.78,166.91,0.0054729,3.5333,195.08,5.4275e-05,-0.030837,7.5758,191.78,0.55622,-19.721,0.71242,24.588,0.1625,0.094703,52.288,0.66952,-5.5988,14.122,0.2839,0.6734,359.96,165.34,438.08,211.58,-0.0066323,-17.502,214.01,2.0703e-05,-0.020483,-15.96,213.53,0.51803,-7.4947,0.68591,16.529,0.17105,0.093572,49.599,0.62317,7.1674,14.662,-0.95633,0.54114,369.58,157.09,433.59,270.22,0.011389,-11.304,212.19,0.00012375,-0.0714,-2.0872,195.05,0.41441,-30.497,0.86861,33.16,0.13851,0.079151,48.629,0.69283,-17.487,13.01,0.57341,0.78617,367.04,180.49,370.82,174.19,-0.010744,-26.903,165.21,3.612e-05,-0.034908,-24.213,163.75,0.51892,0.33083,0.67429,14.081,0.15302,0.087099,52.017,0.59989,15.412,15.082,46.587,0.80418,396.23,213.7,425.19,207.89,-0.0030738,1.359,197.81,-8.2741e-05,0.05228,-4.8037,190.15,-0.019501,-16.604,0.7099,21.919,0.18686,0.11312,49.293,0.56069,-1.4212,15.183,0.085594,0.61397,382.74,209.94,390.19,195.4,0.012599,-20.818,198.81,7.1927e-05,-0.03552,-15.461,193.02,0.45689,-8.7722,0.65699,15.824,0.13913,0.081613,53.92,0.74703,4.0235,12.796,-0.45867,0.59388,434.33,254.41,399.94,159.58,-0.0069933,-6.4329,171.61,-1.0952e-05,0.00033359,-7.2487,171.47,0.54376,-22.47,0.85794,25.061,0.13327,0.072433,46.398,0.66068,-10.294,12.177,0.4581,0.66669,358.02,154.9,404.58,214.72,-0.0011915,-22.072,123.09,-3.1358e-05,0.019787,-24.407,121.99,0.50221,-16.889,0.68217,22.615,0.14222,0.083481,51.827,0.66003,-4.5489,12.34,0.26934,0.73488,378.59,173.17,434.29,257.73,-0.021791,-9.5996,208.47,4.6911e-05,-0.053174,-6.1056,206,0.57129,0.36669,0.67272,12.504,0.1298,0.077258,46.395,0.70116,11.752,11.385,32.049,0.76427,383.04,220.24,414.32,203.06,-0.01596,5.7053,146.7,4.7483e-05,-0.047726,9.242,144.17,-1.9308,-3.6013,0.66239,14.597,0.14659,0.091316,59.224,0.8616,8.6638,12.265,-2.4057,0.68584,383.05,205.61,340.37,173.1,-0.01965,2.9714,185.67,0.0001062,-0.090698,10.881,173.05,0.80389,2.1479,0.62039,12.434,0.1493,0.094167,51.722,0.80317,12.626,10.478,5.8785,0.58575,315.76,159.19,290.62,124.17,-0.018086,8.1978,137.76,-1.9811e-05,-0.004833,6.7222,137.32,0.029109,0.57475,0.090036,0.10555,0.14837,0.081116,0.49125,0.61774,0.16739,0.16854,-145.68,0.4014,4.6238,2.4877,6.4219,4.3612,0.59448,0.12135,0.15246,0.17027,0.088701,0.67486,0.52933,0.22778,0.22833,-413.65,0.47053,4.9713,2.6773,7.8979,6.7733,0.44268,0.030807,0.037728,0.15585,0.093174,0.15891,0.64807,0.060961,0.06106,-620.42,0.40372,1.3789,0.87458,2.5438,1.7335,0.5256,0.0098061,0.015441,0.27909,0.19582,0.075208,0.46243,0.023792,0.024156,-65.483,0.43766,0.48041,0.35044,0.63549,0.47557,0.51933,0.0099677,0.016694,0.22778,0.1284,0.087393,0.46988,0.026355,0.026384,-909.88,0.44821,0.37972,0.20702,1.0681,1.0574,0.55214,0.024462,0.035274,0.18486,0.10504,0.15334,0.5092,0.05355,0.05366,-487.83,0.42118,1.1782,0.88744,1.8156,1.1583,0.46331,0.062918,0.091356,0.27476,0.13908,0.50532,0.4774,0.20036,0.20058,-914.34,0.42042,2.0318,1.5083,6.4528,6.1541,0.42881,0.085727,0.13193,0.30368,0.16457,0.87118,0.508,0.29429,0.29455,-1126.8,0.38797,2.6484,2.0864,10.747,10.363,0.49143,0.081478,0.12676,0.22148,0.1169,0.78165,0.48844,0.2274,0.22769,-802.01,0.45327,3.6466,2.9097,8.4361,6.5363,0.41852,0.15025,0.22641,0.225,0.12727,0.95858,0.49061,0.39436,0.39472,-1095.1,0.47931,5.7714,4.4688,15.559,12.21,0.38065,0.20041,0.30263,0.2625,0.12843,1.6019,0.47617,0.59638,0.59674,-1631.3,0.45075,7.0629,7.1093,23.723,18.397,0.49672,0.17026,0.25475,0.22885,0.11795,1.1493,0.43717,0.46896,0.46949,-893.6,0.45927,6.7581,5.9013,17.335,14.543,0.47627,0.16634,0.2916,0.2975,0.18015,1.8099,0.46845,0.51577,0.51613,-1443.4,0.43963,6.1984,5.9752,19.845,23.824,0.49309,0.15926,0.24032,0.2625,0.1582,1.3219,0.47442,0.38822,0.38838,-2435.8,0.47164,5.9917,5.7859,14.423,16.748,0.50399,0.13499,0.20512,0.21,0.12292,1.0891,0.45038,0.31346,0.31359,-2274.4,0.47944,6.1113,4.7825,10.906,10.791,0.52962,0.1348,0.19395,0.19121,0.12746,0.8491,0.44686,0.29277,0.29309,-906.34,0.48287,6.6367,5.0239,9.6534,7.7846,0.54291,0.12923,0.18556,0.20355,0.1085,0.92987,0.48684,0.29561,0.29595,-876.45,0.46415,5.372,4.3264,11.408,8.1713,0.53462,0.15568,0.22976,0.20355,0.10343,1.031,0.50186,0.36729,0.36791,-593.81,0.43563,6.9294,5.7965,13.716,9.689,0.52039,0.17047,0.2433,0.19091,0.11884,1.0024,0.52833,0.37883,0.37933,-765.37,0.48364,7.5291,5.1858,14.86,10.535,0.56177,0.16766,0.22234,0.17054,0.09405,0.76559,0.51734,0.32694,0.32734,-824.99,0.47816,7.5442,5.3837,12.654,8.5895,0.58449,0.15694,0.20855,0.16605,0.090398,0.87821,0.54751,0.30166,0.30257,-333.43,0.46736,6.8547,3.7233,11.419,7.8464,0.59144,0.16474,0.20582,0.18,0.098067,1.0899,0.54711,0.32109,0.32202,-344.21,0.43763,6.8466,3.5018,10.85,9.0578,0.56469,0.17517,0.22502,0.1673,0.096937,1.2088,0.51926,0.348,0.34894,-370.09,0.44897,7.559,3.6997,12.912,9.7605,0.5495,0.18489,0.25886,0.18382,0.10464,1.3943,0.52433,0.41221,0.41316,-430.54,0.47906,8.3253,5.2613,16.348,12.526,0.57615,0.17752,0.2465,0.19935,0.10859,1.0367,0.50299,0.40649,0.4074,-446.75,0.39484,8.1812,5.3056,14.228,12.731,0.5974,0.18422,0.24997,0.17139,0.10001,1.0555,0.56627,0.3811,0.38198,-432.04,0.48672,8.3619,3.9888,13.788,11.044,0.55903,0.20944,0.2644,0.18118,0.102,1.1593,0.48017,0.42439,0.4253,-466.77,0.48869,8.6481,4.3902,14.972,11.735,0.52665,0.18823,0.24966,0.19968,0.10848,1.2434,0.48948,0.42916,0.43013,-442.27,0.52983,8.3753,4.9722,15.319,11.29,0.55654,0.17031,0.22867,0.19242,0.10491,1.0286,0.49058,0.37313,0.37399,-434.3,0.49184,7.73,5.8148,13.489,13.077,0.59327,0.1852,0.23183,0.19121,0.10218,1.0448,0.51896,0.37677,0.37784,-350.95,0.38789,7.0576,3.2532,13.141,11.48,0.14545,0.76151,1.0252,0.21,0.12751,4.663,0.54507,2.1146,2.1147,-21140,0.4305,36.706,37.153,105.77,63.665,0.19707,0.03363,0.071988,0.45071,0.40347,0.40929,0.45572,0.18613,0.18652,-479.04,0.45069,2.2383,1.7554,8.7746,7.1052,0.37874,38.623,73.481,0.573,0.49124,603.13,0.48615,202.46,203.43,-210.09,0.44668,3853.2,3825,10345,7668,0.41606,55.031,97.148,0.38875,0.30214,625,0.50167,194.85,196,-169.78,0.42893,4147.8,3505,8066.1,7815.4,0.46787,77.211,121.04,0.22857,0.16717,598.96,0.48319,211.24,213.49,-93.943,0.43866,4925,4083.3,8614.9,7207.8,0.45827,103.06,154.36,0.19125,0.11539,669.79,0.52065,253.19,255.65,-102.76,0.44049,6416,4951.4,10436,6939.4,0.44228,0.13703,0.18375,0.14022,0.083699,0.68313,0.57358,0.2955,0.29572,-1346.4,0.44198,6.8503,3.7931,13.619,9.5059,0.45706,49.938,83.827,0.27087,0.18693,559.24,0.50695,150.94,152.42,-102.04,0.44441,3062.8,2564.2,5804.9,4556.2,0.57652,0.16807,0.22469,0.129,0.073877,0.89969,0.54247,0.29463,0.29655,-153.77,0.47235,10.826,5.9861,12.296,7.7297,0.32772,30480,53907,0.24185,0.19698,3.1058e+05,0.55811,98672,99465,-124.48,0.35919,1.9933e+06,1.7187e+06,4.4383e+06,2.2732e+06,0.50917,0.6955,1.0184,0.13125,0.086338,3.584,0.41301,1.4152,1.4108,321.37,0.60356,47.194,27.648,64.79,42.537,0.26835,16.554,35.681,0.30947,0.27898,176.71,0.35758,67.966,67.948,3741.8,0.59182,1197.5,902.85,3308.2,2372.5,0.19509,0.10568,0.21639,0.20333,0.16099,0.746,0.39774,0.36818,0.36815,13311,0.52124,21.485,11.822,7.1068,6.0926,0.49956,0.038019,0.057378,0.18879,0.12978,0.31533,0.51128,0.087814,0.088797,-89.338,0.45218,2.4746,2.0793,3.3341,2.716,0.20585,0.36216,0.48284,0.17818,0.10453,1.9715,0.52352,0.95005,0.95018,-7389.3,0.38548,17.45,12.851,46.002,28.45,0.59029,1.7552,2.3732,0.15093,0.095539,10.364,0.59109,3.4316,3.3939,91.036,0.42194,131.62,78.637,87.382,55.197,0.62129,2.295,3.1301,0.12151,0.072033,13.062,0.64071,3.8252,3.8284,-1193.2,0.57521,150.51,90.351,149.08,83.931,0.59959,2.2842,3.0737,0.1217,0.074263,15.331,0.70575,3.7323,3.7624,-124.3,0.46466,149.95,75.084,137.51,62.676,0.64513,2.7323,3.5922,0.11836,0.070724,11.247,0.46808,4.1021,4.0513,80.696,0.62809,173.23,87.737,156.1,94.841,0.67307,2.7118,3.5797,0.12283,0.06894,11.698,0.45916,4.3004,4.2719,150.87,0.60643,165.45,80.64,169.93,97.076,0.64077,2.6191,3.3188,0.105,0.058081,14.095,0.54616,3.8414,3.8378,1054.7,0.50592,158.39,80.171,161.8,78.133,0.60439,2.5634,3.4441,0.10613,0.059346,10.565,0.50172,3.9725,3.975,-1585.1,0.52519,176.56,90.848,182.72,98.574,0.63672,2.6382,3.3501,0.109,0.063359,11.263,0.50998,4.24,4.2122,152.55,0.61882,170.88,80.548,152.82,88.609,0.62549,2.7609,3.5214,0.1059,0.057516,13.984,0.60399,4.0589,4.0672,-490.75,0.51695,167.49,82.853,196.85,112.56,0.66134,2.4648,3.158,0.099091,0.053993,12.725,0.63958,3.8224,3.8213,3668.3,0.55522,173.72,81.046,177.8,98.359,0.62254,2.5017,3.4034,0.10381,0.058787,11.588,0.57107,3.7219,3.7394,-212.64,0.67629,169.86,95.942,173.64,87.525,0.66899,2.4435,3.0334,0.094714,0.054951,12.661,0.65661,3.2256,3.2209,676.58,0.57904,163.92,76.208,159.22,86.311,0.64514,2.4392,3.1885,0.099697,0.057569,10.957,0.50983,3.5634,3.5544,396.25,0.56187,163.24,89.513,152.27,71.708,0.63088,2.0841,2.6967,0.10429,0.058855,9.7878,0.54786,3.0591,3.0636,-675.6,0.56963,130.14,68.685,130.7,62.057
